#Haloes of approximate mass 10^15 Msun/h.
#First number gives the number of haloes.
#Haloes are preceded by a hash symbol, coordinates x(=r/rvir), phi and theta (in radians) for each satellite in that halo (if any) follow.
2
#
0.77038138   4.7809825   0.64120073
0.54236939   5.8272211   1.3841493
0.55006087   0.39006093   0.32255365
0.27667100   4.4227258   2.4996081
0.50736933   3.5129624   0.72310209
0.72254907   3.4987706   1.5473620
0.45059589   0.89983890   1.5575497
0.54748242   1.5684031   1.3849420
0.71579231   1.6655826   1.1556394
0.22756441   6.2814519   1.7898925
0.25414193   3.5838326   1.4201605
0.60131765   2.6629642   0.62092035
0.38830190   5.4614397   1.6413614
0.71947490   5.8518877   1.5492446
0.80919479   3.2675906   1.5927021
0.82596713   0.77342023   0.97861844
0.79851233   4.7138052   1.8064679
0.53204920   3.7806418   2.2000698
0.49058664   2.0816980   1.5356946
0.26796316   3.3182635   2.4080386
0.56505309   5.5786958   2.6297798
0.088887074   3.8544072   1.7273701
0.69006749   4.8852784   1.9922300
0.45967504   4.0082215   2.4283009
0.83821138   1.5836247   1.6045883
0.39885735   5.9358466   0.69702787
0.81396389   5.1772704   2.7869226
0.37335526   3.0845766   1.5945925
0.014727631   4.7617209   1.5122662
0.39104900   5.7725065   2.6931850
0.22955442   1.6570746   2.5979072
0.35335108   3.2680159   1.8508700
0.46616139   4.0542454   1.2526564
0.34250759   3.6634499   2.3305545
0.31901660   1.7167181   2.3890139
0.66478548   5.6562974   2.2999277
0.54724452   3.2098040   1.4437326
0.28677834   0.43301845   1.7313109
0.22396238   4.7783966   1.3826350
0.22279519   4.0555060   1.7556290
0.86271907   5.1815635   2.4702245
0.17872690   0.62809701   1.9231430
0.51547727   1.8631855   2.8003218
0.12119427   4.5300892   1.8816077
0.79721501   4.7371252   1.9974625
0.17589127   6.1496894   1.1727208
0.18092868   5.2427944   2.0493625
0.67872496   1.1258011   1.2914177
0.75827482   5.6475754   0.63177236
0.48788326   6.1448634   0.83343824
0.34626217   1.8572007   2.1081542
0.88235991   0.84294012   1.5072619
0.51330476   1.2711914   2.0988482
0.62745637   3.4434511   0.53437738
0.83922062   1.0355701   0.65223468
0.86102195   4.1175357   1.4925233
0.74555930   6.1005587   1.7487182
0.69080530   6.0282854   1.6528837
0.79437898   2.2535438   2.6015484
0.50478836   2.0590889   2.8784265
0.93471164   5.2217973   1.2708016
0.79825192   5.7901250   0.38382506
0.52756769   3.3889960   0.79894104
0.34004195   4.5587535   2.0474917
0.49755372   4.2706372   1.6639413
0.34143938   2.2078468   0.69333689
0.45714770   2.3190023   1.2698479
0.40490733   2.9236798   1.9601288
0.61947923   4.3982461   0.69071860
0.30613547   1.3743781   1.3025342
0.72956508   3.9847894   0.21145921
0.99252142   4.5922095   2.5117687
0.62499986   3.7262414   1.5787645
0.38181253   1.1200565   1.8066685
0.60858772   2.2449151   2.2225997
0.26055136   1.3934929   1.1391290
0.36699803   1.8154170   1.8097085
0.67942063   0.85393730   1.4310480
0.98675081   5.7544598   1.9674486
0.43712287   1.0335187   2.4209742
0.26500698   0.22081303   1.4731949
0.50945192   4.1630889   1.0814250
0.70010035   5.9142639   1.9748119
0.083030749   2.4835240   2.1244051
0.78025392   2.8235191   2.1277669
0.056633172   3.9319289   1.3087674
0.43689958   6.1941300   0.91057456
0.69468400   6.1515957   1.5596402
0.47311285   3.1565379   1.0661578
0.51922476   2.4571232   1.1325494
0.37929477   3.0765797   1.2164161
0.96216169   5.6381648   1.7179245
0.82910995   3.7912292   1.8436508
0.52558534   3.4027365   2.2281987
0.50237223   4.8038521   2.4396308
0.41648091   3.0588004   0.51910571
0.27571818   3.7224885   2.9159330
0.60808406   0.70125767   1.2454304
0.19407639   6.2610838   1.1042348
0.45329272   3.6803860   1.7409474
0.40894173   0.90098638   1.6118561
0.27705507   2.7916164   2.4379245
0.44111935   0.90354836   1.0565725
0.92803026   1.8640607   1.9427015
0.20301792   1.0658032   2.2696513
0.19467673   2.4594100   0.63464527
0.29941372   3.0467328   0.85481010
0.58532429   1.5562671   2.1486556
0.52321764   3.3773160   1.7556980
0.93241699   1.7480859   2.3548911
0.055262278   1.1180841   2.6533254
0.98081444   4.8177158   1.1048764
0.41535146   5.2165823   1.9110129
0.83142821   5.3024413   2.4047939
0.15161994   3.3227633   2.2034142
0.39921160   2.3639426   1.5316991
0.87083857   0.87396602   1.8423541
0.069940536   4.7729493   1.5638362
0.24893099   0.70433060   2.0868774
0.29935016   6.2738074   1.3524737
0.30721680   4.3203815   1.8911093
0.14128504   0.14836245   0.85084603
0.59505156   0.90703438   1.3733262
0.40647578   0.36265652   1.1083649
0.94591310   2.8518763   2.1288120
0.90221637   2.8100174   1.4456548
0.41746327   4.7571012   0.37286468
0.15168405   5.5268900   2.9391810
0.34179771   1.0046085   0.87863404
0.68609796   3.2005602   1.2059136
0.77777642   0.12635203   2.3808991
0.63608071   0.42761147   1.1355067
0.18828283   6.0428129   1.2374928
0.62114261   4.9504723   0.31333364
0.46591483   5.7269356   1.2066127
0.45794775   4.7120645   0.84520449
0.22987079   3.2765052   0.48796774
0.42383706   2.9531039   1.3382608
0.20740643   1.6169335   2.5777199
0.40673355   1.3622675   1.6866327
0.35562483   6.0531873   2.8247319
0.39059553   0.66779643   2.3001821
0.11942770   3.8829503   1.0546667
0.73988933   5.8739625   1.6184909
0.093920318   6.2431986   1.9901885
0.30682960   6.1924050   2.0303304
0.22644686   2.8791687   1.8560572
0.64092279   1.8517330   1.2412912
0.54982504   6.0260051   2.6427496
0.82372116   1.7049814   2.2101171
0.12949250   3.7400892   1.7155663
0.18567844   2.3171592   1.1736189
0.47627410   1.9886675   1.5310354
0.55594216   1.0263011   2.9790325
0.78330310   4.4054327   1.6213890
0.64091877   2.2227109   0.49564393
0.22442974   1.5346383   2.2749675
0.29525151   2.4228347   1.2766963
0.82546905   2.3123628   0.65159868
0.44651978   2.1397573   0.86280956
0.61797252   2.1522241   0.71688729
0.62943594   3.6082914   1.2441064
0.90153660   0.33867320   0.77996184
0.31159794   5.6050401   0.20435776
0.35366374   1.2091739   1.7556694
0.55775259   4.0229462   0.42173375
0.55524305   3.3088588   1.9544566
0.30284087   1.6310162   2.5142352
0.71640807   4.6654212   1.0943184
0.79919924   5.3622710   2.2456824
0.30046027   2.3537299   1.3290218
0.22374559   1.1208068   0.97992839
0.52794971   3.0429130   2.2820917
0.49339134   3.2321245   1.2760857
0.27250777   3.3151741   1.2648124
0.89795000   5.5975264   2.5810409
0.63367366   0.41513339   1.1319811
0.84714763   2.5657181   0.85500578
0.57799424   3.9760296   1.1582331
0.084454429   3.2483324   1.0832342
0.74723113   0.24181812   2.7406300
0.62599171   2.3929428   0.93657380
0.40326143   4.8616463   0.63501753
0.75688253   2.7506267   2.6133083
0.26819155   6.1651612   1.7682011
0.76433207   0.48226069   0.39693989
0.77560552   5.5568048   1.1212400
0.99751305   0.69732953   1.5363839
0.94952611   3.3854808   1.8776576
0.72202325   1.3941261   2.2482635
0.56041121   4.4827298   1.0561999
0.63698044   4.7049010   1.1561555
0.41444763   5.7581474   0.87451704
0.29476193   2.3014907   2.0554459
0.13942612   2.7988603   1.6400809
0.85286077   5.1122382   0.80652258
0.79044195   3.4780317   0.84353222
0.58533898   2.6038276   0.99109194
0.21617973   4.0540503   1.5160097
0.85478591   5.3569226   1.7849628
0.31834635   2.6701142   1.3374820
0.76452224   1.6678481   2.0640553
0.96743754   1.4561350   2.6671899
0.89953487   4.1595693   0.47420877
0.98663181   2.7361548   2.6256747
0.48939748   3.7514581   2.3934375
0.75470125   5.3732808   1.1698546
0.25200673   0.45309710   2.3370400
0.28303989   4.7313028   1.6839275
0.99927885   6.1017363   1.3540833
0.72111076   2.9264685   2.1723200
0.85760423   2.2052472   1.5021980
0.20470434   0.88618194   2.2542718
0.39862621   4.6121828   2.5148963
0.15301864   2.8464261   1.7851754
0.81844902   2.6899267   2.5815622
0.14284720   0.87539319   2.5840893
0.85642186   2.8173749   2.1495481
0.39794302   3.3754519   1.1148215
0.94246380   0.43856434   1.9804761
0.46034636   4.3894875   0.67106182
0.49826064   1.4432934   2.6810333
0.62700373   4.4446285   2.6141114
0.56295758   3.3875082   2.2443454
0.89883494   6.1817690   1.5392478
0.47127054   3.7721290   0.31459661
0.65883923   0.32876879   1.2680928
0.32095291   1.5379123   1.4292883
0.67178921   0.95056581   1.4568423
0.88774886   5.6737099   1.3529627
0.25080876   1.9104935   2.1600113
0.53934278   2.3230669   0.48436933
0.93773576   1.6572778   1.9479963
0.18502395   2.7204939   0.74808889
0.61696597   5.7084218   0.90842228
0.46801594   3.7471416   2.1792655
0.71611065   1.7851438   1.1915508
0.67910687   3.7341715   1.3396597
0.81047231   3.4119550   2.3650380
0.60577578   4.7374396   1.9966366
0.85726805   1.9842859   0.89258040
0.16605723   3.6424898   1.9560209
0.35111745   5.1300435   0.65742225
0.71724091   2.0522944   0.94878151
0.26640530   2.3627571   1.3831996
0.31773473   1.7320816   1.4173892
0.37250924   3.0409369   0.72500596
0.20125581   6.2216705   2.0812389
0.79928659   4.9892003   2.2775492
0.50677357   1.1303439   1.8690309
0.80786302   2.7563785   0.16273072
0.98398323   3.0779880   0.83991152
0.35692611   3.1947686   0.83073001
0.72792874   1.0153810   0.87576452
0.28921408   1.2343479   1.7233885
0.42246571   4.0974599   0.055308401
0.55060475   1.7124125   2.6801068
0.54831512   5.8622592   1.6325700
0.37689732   3.9402620   0.27446827
0.94977697   5.9457446   0.62650594
0.18492844   1.4662675   0.35211485
0.95343148   3.1695971   2.2792235
0.30168135   1.9311543   0.72397202
0.20413780   2.2723364   1.2001619
0.66643928   1.0613829   1.4116198
0.044357159   1.3775702   1.7346314
0.97971752   1.7163969   1.3994554
0.97083611   1.5771546   0.68705108
0.42586877   3.7388770   2.7542947
0.78789680   3.7535929   1.4013650
0.98064488   2.6227653   0.30094959
0.34142674   0.75674309   1.0029448
0.59206367   6.2403875   1.0933994
0.50700931   4.6663957   1.1861143
0.86198024   5.5150655   2.3251663
0.38967644   2.8377751   1.9198027
0.86783082   3.0498856   0.83312586
0.34151513   0.25154256   2.4794384
0.31340351   4.4456510   1.2356455
0.65658949   0.43611623   1.1751161
0.61255385   2.5848276   1.5160742
0.55258174   4.2165921   0.31023347
0.68708319   5.6504405   2.1610938
0.24661235   5.9576723   1.1017207
0.54547924   1.5003022   0.84141333
0.50924536   2.1461648   1.1047554
0.61615662   3.7929233   1.3212508
0.88016343   2.6509409   1.3722552
0.54330148   2.0113627   1.0317044
0.45759159   6.1633596   0.21249066
0.39247007   5.1900252   2.0427954
0.91635455   2.4399747   1.3696393
0.54418710   0.25039176   2.0935971
0.37499268   5.4470464   0.70698216
0.59580680   5.6562573   0.48645211
0.91017904   1.9443563   1.0128608
0.60858608   3.2909303   2.0735710
0.77986450   3.7191622   1.1193778
0.75986213   1.1069468   1.6399913
0.97996521   4.1002031   2.4736789
0.18937033   1.4173573   1.2925087
0.85702703   1.1946916   1.5845287
0.11465955   2.7690340   1.2968272
0.25526156   2.9559489   1.8775978
0.31179184   2.0226352   1.9743115
0.70170503   1.1032150   2.4969110
0.21055471   1.4172755   1.7024083
0.13092613   0.68683229   1.8484950
0.58546468   3.1539593   1.3434134
0.30796928   5.3723006   1.2697342
0.70675510   3.8974920   2.5475724
0.47593809   4.7519399   1.8868454
0.64554038   4.3600563   0.38691292
0.51527560   1.5049154   1.7000285
0.31744644   2.9190414   2.4583006
0.98766324   2.7688281   1.3129861
0.64154454   2.2729948   1.5717648
0.85658292   3.0066080   0.94783781
0.38381984   4.9066334   2.5059711
0.084713562   4.9528569   1.5580620
0.81751282   1.9540282   1.4194449
0.73194300   3.3275573   0.67800112
0.61913988   3.7247134   0.39971130
0.018186152   1.6314967   1.5307956
#
0.88325257   2.8449648   0.95033950
0.85913263   2.6053634   1.5941489
0.34743150   2.4436494   1.1067884
0.28433014   0.54903469   2.1331059
0.25497753   4.4674114   2.0923530
0.23412018   4.8830249   1.2776958
0.67115312   0.76070095   2.2693448
0.45755127   3.9292158   2.4745202
0.74681066   2.1435445   1.2113521
0.77207733   2.7269473   1.7652364
0.25659423   3.7496554   1.6973384
0.60631721   5.9104559   1.8236585
0.43740120   5.9981478   1.9133282
0.55698801   4.1715635   1.6525274
0.90714412   6.0905711   0.64787459
0.55049477   0.63675872   1.2614225
0.62782353   4.1301283   0.70071192
0.24903232   5.7541650   2.5029246
0.42944771   4.1302075   0.57602885
0.26754065   4.9829224   1.5315752
0.42958527   5.5411132   2.3043648
0.62940633   4.0675588   2.0687085
0.43849115   2.0290912   2.1811258
0.80157396   3.6660512   1.4089996
0.35662939   2.0789600   0.35189188
0.58853436   5.3454802   1.3757757
0.69384062   4.9524331   2.0998602
0.39845937   5.3979294   2.7161730
0.44041952   4.0249561   1.5136477
0.65180487   0.78282947   0.21340427
0.86981472   2.0445790   2.3895424
0.21637455   0.47668379   1.6924786
0.23443957   1.2291478   1.2715561
0.47786245   0.69337577   1.4213519
0.56761667   2.1296510   1.7520118
0.35723216   1.1470099   1.9344033
0.52644482   5.4112518   0.43210819
0.36298209   3.5800754   2.4881583
0.55773999   3.0178416   1.7236097
0.13031734   0.98029713   1.2779873
0.19371979   0.89349816   2.1948991
0.54162538   2.2395126   1.0292394
0.24870261   1.5707284   2.9011851
0.27734439   3.6287518   1.0485032
0.54747517   4.0100951   0.82844266
0.89560647   4.8455287   1.2733424
0.66058418   5.2979387   1.5870187
0.70588856   5.0358129   2.1514950
0.53088579   3.8727813   1.3942550
0.44611186   6.2014987   1.9574069
0.57215714   4.9803711   1.0507098
0.42996855   3.6168124   1.9652018
0.18320429   1.3225535   1.4772863
0.24258262   2.1390979   2.0453476
0.64849526   2.7958780   0.72149812
0.57789231   2.2512358   1.5443639
0.47789557   0.87348379   0.58056167
0.74689728   3.9675939   2.5822674
0.50785694   4.7458570   1.8977481
0.51836946   0.53319733   1.7752179
0.53216899   2.1783571   1.0354090
0.41349181   1.3666360   0.99987802
0.67162577   1.3238938   1.9382329
0.22145304   4.3337371   0.59214532
0.70184523   1.0524605   2.5252749
0.78768213   1.8966135   2.1169635
0.10120673   5.6515094   1.2900597
0.79232091   2.6294325   0.96774409
0.18904384   0.51132760   1.0418387
0.28047541   3.6161591   1.3643464
0.51027865   5.2451642   1.8499354
0.87223435   2.1648909   1.1169563
0.24578517   3.6252146   0.63794609
0.61797984   4.8001872   2.3838969
0.60003620   0.43663523   1.3027148
0.41147316   0.092145399   2.3220091
0.15675248   4.5772702   1.4667583
0.059410092   1.5208182   0.46447787
0.17649559   0.25842209   1.9237128
0.68631722   2.6298251   1.3508325
0.47828145   2.8873859   0.96444980
0.23208156   0.73701926   2.3331402
0.82243376   4.0536662   1.8210196
0.35607723   1.8843458   2.1889156
0.11516860   1.8417434   1.7973408
0.81598070   5.0816810   1.3130905
0.42134263   1.7069837   2.6376083
0.45073212   6.1715332   0.82594576
0.24214357   0.23718940   1.6139971
0.26916975   3.7754725   2.3272430
0.79792712   2.5406305   1.8249866
0.58156654   4.3194901   1.4334301
0.80081772   1.3313452   0.98436644
0.087810098   5.3545204   0.96445848
0.86693270   2.7089531   2.3907873
0.61741371   3.9588024   2.2206187
0.24627101   1.4003961   1.1008262
0.58386547   0.97170709   2.1225552
0.20874143   3.2721673   0.68243697
0.54873214   2.4791893   1.5494670
0.69914019   1.5677690   0.53827103
0.45795313   0.51850462   1.1728671
0.75271425   4.7682482   0.75803576
0.81494249   0.97857495   0.92388096
0.16952856   3.7136092   1.1461041
0.65899474   1.2331018   0.90482831
0.71127755   5.5624312   1.3492227
0.88765697   5.0316725   1.3928382
0.85906821   2.3061301   0.63457999
0.84780244   2.3863037   2.0990410
0.13621084   3.9945366   1.9930035
0.80450587   0.59446099   2.5398252
0.33654259   3.1098806   1.6297731
0.80622860   4.3578526   1.3780746
0.35275777   4.0186374   1.1856316
0.83944931   5.6646782   0.85841134
0.23700453   6.1319949   1.3375703
0.88821331   5.5372415   1.6044453
0.48876290   0.33102148   0.64235036
0.46483253   2.2422717   2.8819150
0.42362876   2.3384192   0.63393961
0.26856848   5.9219099   1.7369716
0.31860335   2.9426356   0.72246294
0.70147290   3.2999150   1.3550794
0.44671974   0.59101008   2.6117105
0.49701244   3.7296007   1.6213048
0.53913898   4.8215942   1.2866724
0.37467127   0.041235853   2.2696773
0.60626222   3.3279514   2.2083578
0.35209586   3.3941011   1.1024163
0.75288139   5.3914327   0.80862862
0.50099872   4.1606583   2.2605445
0.076472741   3.0820706   1.6305531
0.066636213   2.8106797   1.8247892
0.49351583   4.4710057   1.7073147
0.55560788   1.0232925   2.5387524
0.48090291   3.7617463   0.83813632
0.99272128   3.5496057   0.91679942
0.14801042   2.9412140   2.4736400
0.88411147   0.51358935   1.2582545
0.93833141   2.6882648   0.47438167
0.39320713   4.3665342   1.7204823
0.76146333   1.4840801   0.83470352
0.53927135   4.4960554   2.7891160
0.70794978   1.9320417   2.2742434
0.79605768   3.0585363   1.9043988
0.41462055   2.4805668   2.4355617
0.82129863   2.2915566   0.90369666
0.58010273   3.9705811   2.6910672
0.50113327   2.8689012   0.95227185
0.51738318   4.8326745   0.97701840
0.45568949   3.5482066   1.4313736
0.42405360   3.9927994   1.9491532
0.52358329   2.3129699   1.7765807
0.28324800   3.8924567   0.36981629
0.70374087   4.2097420   1.2632000
0.60363012   1.6319070   1.7465316
0.51953771   1.7709946   2.9534512
0.31509360   4.7269001   1.4102540
0.64870139   5.8797240   1.1285722
0.82455698   2.1969706   1.6625032
0.15260069   1.9767708   1.5609133
0.50226868   2.4360091   1.5884996
0.28353416   1.8611100   2.5507261
0.27571942   6.2467072   2.2099348
0.10184082   1.6664967   1.2508733
0.24452132   4.5458494   0.96594631
0.43609735   2.7202774   1.6169606
0.50618389   5.2498964   1.2036692
0.17496885   4.0400645   0.58313740
0.27044995   1.7542202   1.5527893
0.80456177   0.21261063   2.2834276
0.71274329   5.0289278   2.3668590
0.78001046   1.0298838   2.2390543
0.73769047   0.095237491   1.8163197
0.48181901   3.3517388   1.3906829
0.11099331   3.1580779   1.1564067
0.97595082   2.4810839   1.3165433
0.52330773   5.1357427   1.3881353
0.75878128   2.5409588   1.5502534
0.43712807   4.1886294   0.98956395
0.96327358   2.6464200   1.0225962
0.31688017   3.3592854   0.84259252
0.44827418   5.3763283   1.4770325
0.30450418   6.2453471   2.8998835
0.81743067   2.5538410   1.1140753
0.18113614   1.3300999   1.6161470
0.55159609   4.8200194   1.5115513
0.55706946   3.9689726   1.3454938
0.42793129   3.3023773   0.94624386
0.24359542   3.6898476   0.40501719
0.47975496   3.3861500   1.2384040
0.64682670   2.4074783   1.5222338
0.57811399   3.0603891   1.4986533
0.82798797   5.9843767   0.58807337
0.92586715   5.0472749   1.7788741
0.90585007   5.8814320   1.1299265
0.60288662   2.2999701   1.2270200
0.41062362   3.2541398   1.4163406
0.27760908   4.5526330   2.0102757
0.72657329   5.4765882   1.2908254
0.20771478   1.6715731   2.2868548
0.76429496   0.53819619   0.68782206
0.93886466   6.0641029   2.2849176
0.56184460   0.21776929   2.6004074
0.52740100   1.9693516   1.6403744
0.43877562   4.2945394   2.9378338
0.94256220   2.5206551   2.5319253
0.74349746   5.9899035   1.3402032
0.20512577   4.0863024   1.5716156
0.55921766   1.3277168   1.9481645
0.58033997   4.5901307   0.38708209
0.29956774   6.0851112   1.8101960
0.51913895   3.4832228   1.1606697
0.87370629   2.6633871   1.5414555
0.52913733   6.2372873   1.4912409
0.77153482   4.6330795   2.3158517
0.55041048   5.8705397   2.5230070
0.20954606   1.1289240   1.4219537
0.41655296   5.4631522   1.6226645
0.50984890   4.7194257   1.7322311
0.55840636   2.0683225   2.7524284
0.71648696   4.6174786   2.0816547
0.51665869   5.1504250   0.53866543
0.60324570   2.9814864   3.0803770
0.60455358   0.80758814   2.2116620
0.50433903   0.26740546   1.2135955
0.82178016   0.49685858   1.7707051
0.47360587   5.2423460   2.9977739
0.91767483   4.6691216   1.4121827
0.43288706   1.8192683   1.4106978
0.41790110   3.2961071   0.85498838
0.63376591   2.4637600   1.1723981
0.62808239   3.1890450   1.9874284
0.71362424   1.2894123   2.6956010
0.90445429   1.5360321   2.1742676
0.78757253   3.1939176   2.2526873
0.33025259   1.6848805   1.5084957
0.73496813   2.2564847   1.6722704
0.33428709   2.8976817   1.7927259
0.62731461   6.2081825   1.0817892
0.30468024   3.4681788   1.7963804
0.64860071   5.6291346   0.88077551
0.82547762   4.8090619   2.1377473
0.60751460   0.43998582   2.3877082
0.71892068   1.2309166   1.9235699
0.98297734   0.94933802   0.67109375
0.77066759   2.3183039   1.9148973
0.52797911   3.2728964   2.4943180
0.30505122   0.83601105   2.8054176
0.50473863   3.8604217   1.0617065
0.22851985   4.8591580   0.62841225
0.15942587   5.9115408   1.6402592
0.50762981   6.0951550   1.1842258
0.54873655   4.3961158   1.2746862
0.39823545   1.3752628   2.1394461
0.12677477   6.2762449   1.7299461
0.27724577   2.2905400   0.87422835
0.59532483   0.70975831   0.89488276
0.96731497   0.084844932   0.62251501
0.35968061   0.046730114   1.6669198
0.36206376   3.2010901   1.7513785
0.76265324   4.0541979   0.51321915
0.31863317   3.4286557   2.5678311
0.79141627   3.7726796   1.9910519
0.96744313   0.72446738   0.90082987
0.11785395   2.1518441   1.2766307
0.93501411   4.4888276   1.6471616
0.88918539   5.2148814   1.9209378
0.88160653   1.4624129   1.6285198
0.23102760   2.3623265   2.0312473
0.40478647   2.8924279   2.4032535
0.46882139   1.7107270   1.1883125
0.26014083   3.9011902   2.7041293
0.65491755   1.3747703   1.5520087
0.54487093   5.4114623   2.2679173
0.78768765   2.4940747   1.7919598
0.87711441   4.1865979   1.2977882
0.83098199   1.7701515   0.45808099
0.84092104   0.15888773   1.9346138
0.70257194   0.65851236   1.8212924
0.063894520   1.9281285   2.6673408
0.64711628   0.15028548   0.11854571
0.65098421   6.2487397   1.9505352
0.74385093   0.10820439   0.72111070
0.63455407   0.042648057   0.51014334
0.61157090   5.2619643   1.2004224
0.48834065   5.3740059   1.0564295
0.83902947   1.0870548   2.0346001
0.47544340   0.47884131   2.3239861
0.078848235   5.8314402   1.8215120
0.53552506   1.7439012   0.52620314
0.80609734   5.0852433   2.5740512
0.51584031   2.0853995   0.68841333
0.30131653   1.0125725   2.2930690
0.97890834   2.0331281   1.0910769
0.61113345   1.7685691   2.3107162
0.80929559   1.3667691   1.4856049
0.24683405   0.094588465   2.3888398
0.54737167   0.74672968   0.80327235
0.10012646   0.32455566   2.5921409
0.53362466   2.7480816   1.4998823
0.60626669   2.6640426   1.8298853
0.87960888   0.055379505   0.71493590
0.60412432   3.2217135   1.9467781
0.66003287   3.9078388   2.4121669
0.70109824   2.2668426   1.4373246
0.27353509   4.5183929   1.3603766
0.77683360   2.5799438   2.4733974
0.30749079   1.1914584   1.7748119
0.30941442   1.8670951   0.74415281
0.29566166   2.4413770   2.1291706
0.85706100   1.0727692   1.9660124
0.73371244   0.18507466   1.9571028
0.52442000   2.2752144   2.8449727
0.65148799   0.37189812   0.97658140
0.68578694   6.1049545   1.9835702
0.48202923   5.1371309   0.66335336
0.20648243   3.8833010   2.1963930
0.91644811   3.1792114   1.4515098
0.56201236   1.1541976   1.1734340
0.92092312   2.1448616   2.5682260
0.26136596   2.1467092   2.2045365
0.62977322   3.7149783   1.2043242
0.37919167   0.67452067   1.0340107
0.80150434   1.0783851   0.95593500
0.10271170   3.4277116   1.3588593
0.58821358   2.4652764   2.1497672
0.50380050   1.1478639   2.8857139
0.091509860   0.13332453   2.4608724
0.42117419   0.69128111   1.5827979
0.30762614   2.7609928   0.53464856
0.25807896   4.7077714   2.5031259
0.75550655   0.34269047   1.3984185
0.57950245   4.6172748   1.3998230
0.35218187   5.7087509   1.6536590
